JIVRAJ SINGH SHEKHAWAT
DIPLOMA AN3 EXAM QPD3
640653578083,6406531930378
640653578084,6406531930380
640653578085,6406531930385
640653578090,6406531930403
640653578094,6406531930414
640653578095,6406531930417
640653578086,6406531930390
640653578087,6406531930395
640653578100,6406531930432
640653578088,6406531930397
640653578092,6406531930408
640653578099,6406531930426$6406531930428
640653578098,6406531930423$6406531930424
640653578089,3
640653578097,5
640653578091,4
640653578093,17
640653578096,8
640653578136,6406531930565
640653578137,6406531930567
640653578149,6406531930591$6406531930593
640653578151,6406531930599
640653578152,6406531930603$6406531930604$6406531930606
640653578144,6406531930583$6406531930585
640653578150,6406531930595$6406531930597
640653578142,6406531930575
640653578143,6406531930581
640653578138,5
640653578139,37.5
640653578148,42.34
640653578140,-1.14
640653578141,3.5
640653578146,6406531930588
640653578147,4.58
640653578226,6406531930879
640653578227,6406531930885
640653578228,6406531930889
640653578229,6406531930896
640653578230,6406531930898
640653578231,6406531930902
640653578232,6406531930908
640653578235,6406531930918
640653578236,6406531930924
640653578233,6406531930910
640653578234,6406531930915
